000000000000000000000000000000000000000000000000000000000000000000000000000000000000001000000000000000000000000000000000000000000000000000000000000000
001111111111111110111011110101110110111111000011110010111011110111111101001011111101101010111101011110101111100101111110110111111011110111110111111110
011001001000010101101010011111011101100101100110011111101101001101010011111010000110111011100111010011111010111110010011101101001010011010101101000010
000011010111011011011111000001010101011010111101000100010111001011011010101010111011100110011010110100001000101010111100101010111011100111011011011010
011110011101001010110010111110111011101111001011111011110010111010101010101010010100011011110101101101110111011011101011101011010101011101110101010110
010100110101101010101101100010100110010101001100010110101110100101111010110111011111010110011111010111001101110100010110011001110111110010101101010100
011011101010101110110111011011011101111101110111011010111010101110100111011001010001111010110000111010101011010111111011110111001010101111011011011110
001010001110110100001100101101110101000010011001101110100001110010110100110111010110001101101111101110111100101101001100001100111011011001001101101010
011011110101011110111010100110001011011111101010110011001011001110101101101100110101110101010001011010101011101010111011101011101101110101110110110110
010101011111000001101011111101111110110000101110011101111010111010111011011011101110011101111111010101110110111110100101001010110110001100101101011010
010111100010111111010110100101010101101110111011000110010110101011000101101010011001110101000100111101010100000101101111111011001001111011100101101100
010100011110100000111010010110110110110101000001111010100101110101011100111011101101001100111011101011010110111011011001000110111111001010010111010110
011011100101101111101011111011101011011101111010001011111101010111110111000101010111011011101101000110010101101010110110111100100100100110111010110010
001110101101011000001100001100011010101011001111101100000011011010101101110111110010110110000101100100110101010110101011101001110101110100101110011110
011001101011000011110111111001110011110110110010110011111010101101101000001100011101101101101101011101101101010101101110110111001101011101101011010100
010101001010111110011010100111011101010101011101010010010110101011011101110111000110111000111011010101010101110110110101100101011001100011001101100110
010101011011100001110110111010110011010101101011011110110011101010110011011100111011010101101010111011011100101011011000111110110110101110110100111010
010101100101011111001101010110001110110110111110000001011101011001100110100010101101101110110111001010110010111001101101101011011101110101011110000010
010110111110110101011011101101111001101010010010011111101011010111011101111110110110110011010001101011010111100111000101001101000110010111010101111110
010011010010101010110100111011000111011011010011101001001101011000110011010011011011101110011110101101011001010100100110110110111101111100111011001010
011101101110101110101111101010011101010101011100110111010111101111101101010101001000101011100101101011101001011101111011011101100011000011101010110110
000101011001101010100010110110110011111101010100011001110000110001001011010111101111011010110101001100011111010000101110101011001110111101011010101100
010101010111011101111111000100000110101001010110101010011111001110011101010100110010110001100101110111110010110101110001110110111001100110110110110110
010101011100110110000010111110111011000111011010101111100101111011110110110111000110100011011100101000001101101111010111010101100111011011001100100010
010111100011101011111010100001101101101100101010101000111100101000011011101010111101110110110010101111110111011010101100111101010100110101111011110110
011010101110011101001010111111010100101001100110110111000011110111101100001110100011010001010011101001011010110110111010101011010111011100010001001100
010111011000110101101010101010110111011110110100010101111101010101011011110100101101011111011101001110101010101100010111011101111001100111101001110100
010010110111101100110011010111101101110011011100011100010001101101010110011011100110000001100101110011101010011010110101100010001110111001011111011110
011110101010011011011110111001010010000110001010110011011111011011100101101110010011011110110110011101011011101111011110111111111011001101110000000010
010001011010101101100001101010111111111011011011010101101000110110111101000001111101110011100011100100110110110101101011010001010101010110101111011100
010111101110111010111101011010100100101101110101111111011110101100101011001110000110100110100110010110101001011010101010111110100101111010110101010110
011100110101010011100101010011101010101010001111001000110010110011110101111011111101111011011101110101101111101110110111000001111110100010101110111010
001010101101010110110111011101001111011011101000010111001111011100001110101001000110001001010010100111001001010011010100111101000010011110110101100110
010111101011011001101000100101110101101110100111110101110000100111101011011101111011101101010011101010111011011101011011100111011011110001101101010100
010100011010101111011011110110011000110010111100010101011111110010111101010100001100110110011100111010100110110101101110011000101100001110110111011110
011101110111110000110010011011001101101101010001010110010000011101100011011011110110100011100111001110111010101101000101101111110111101011101100010100
010101001101011111101111010001110100110111101111010011101111100110011110100010101010110110001001100010100110101001101110111010011101001100010011110110
011011011010100100001010111010010110101100111000111100101000111010110101111110111110011011111110111101101101101110101001010010101011110101111010101100
010110101011101101111001100111110010101011001111000110101111010111101011010001000001101010100101000111011001010010110011101111101000101101001011010110
010101111101011001010111011100001110101110110001111011101001011001011100110111111111001100110101111000001111010111011110100100101111001011011101011100
011101000111001111101100110011110101110011011100001101010111001110110111101001010000010101101101001111010000011010110000111000110010111001010101101010
001011110001110100110111010101011100011010110011111010111100100010101010011111010111110101010101110010111111101011001111001101101010100111001111011010
000101001110001011011001011111000011110111100110001010100110111011011111000100110101010111010110010011100010111001111001110101011110110001110000001110
001101101011111110000011100100111101011010101101110111101101101101101010111011100101101000111010111101011110001110100101001101010011011110011111010010
011010101100001011011100111011010111010011011011011100011011011010110111101100101100111111101110010110110001110010011101110110111101100011010001011010
010111110111101010110110101110110010001110110001101011010001010111010100011011101011001000010001111001101101011111110110011101100010101101101111010110
011101000100110110100101110101101111011001101011011101011011010101010101110110101101110111110101001101011001100010100100100011011110111010101010110100
001000111010011010101101001101011000110110111110101011101010110101011011001011000101011101011101110101101111011101011111101101101011001110101001101100
011101101011010110101011011011101110101010000001110110011001101101101110111101101100110011010110011011011000110101110100111010101101110001101110110110
010001011001110101101110110010101000101111111110011101110111011010110101101010101011101101101001110110110111101110001110000111111010011111001010011100
010111101110101101010101011100110111100010101001110110011001101011011010101110101101010100111111001101101100010011110101111101000011000000111011100110
001100010011101011110011100111011101011101101111000011101110111001101110110011110101010111010101101010011001111100011011010010111101111111100000101010
011011111100001101011010111001101011110110101000110110010011010100110100010110000101111010001010101111101011001011101101101111100110010010001011101110
010101001001110101101111010100110010001010110111101101111101010111010110110101111100101110011110001010101010111100110100111001011010110101111010001010
011101011111010110110001010111011101111011011000100101001001011001111011101101001010110001110011110101101101100110101111000110101010101111010010111100
010101100010111010101110010101100111001010001110111111000111001010001101011011110011101111001100010111000110110011110001111011111010100000110110100110
010100111011000110111001110011011001011011011010100101101100111011101010110100011101011000110111010101101101011010101110101010001110111111100101111010
010110101010111101001101001010101110110001010010111011011011010110111011100111100110001111101100110110101001101101101010011011110000100001011101010100
011011011101100011101011011111111001101001101110001101101001010011010110111010110011011001011001101101101110110110001011110000010111011111010110101110
001001010101001110011101010101010111001110111001110110001101011101101101001101011101010111010111011011010011101101111000011011011101100001011001111010
010111000101011011100101101110110100111011010111010101110101100110101011110101000101001100110100101010111010111011000111101010100010101110001111000110
011100111101100010111110101010100110000110010100011001010100110101101010101101111101110110101101111010100111000001110100101111101110111011011010110100
010011100110111101101001100101101011111011110101101011010111010101011011011011010100011010111011010111101100111000010111000000100101000101000111100110
011010101010000101011101011110111100001001001101011010110010110111010101101100010111101011001001100000011011101101110001101110110111111101111010111010
010110111101111110101011010011101011101110011011101110101110101010011110110111110100011001011110110111110010001011001111011010101100100100101010010110
011010000111000011110110110100011010100011110001010000110010111011101011011001011011110101010011011100010110111010111000010110101011100111011011101100
001101111010111000011010011111101110111100101011110111011110010100101100101111000110001111010110110011101101010111010111110010110110011001101000011010
010111001101101111010111101010110101010110011110010010100001010100110111101000111101110010011001101010101011010101011101001110101101101000101111110110
010100101001010101011000110101011011110001110101011111111101111111101010101110101011011010101110111100101010111011001001011001101011011101100000011100
010110101011111011010111011111101101001111000111100001000101001010011101100010110101101010100011000111101011001101110111101001011101110111011111100110
011011101100100110110101010001000110111010111010111100111101110001010111011110101111011010111101010010101101100110011010101111101001001001010100011100
010100110111110101100101100111000101100101101100100111000110011011011001101000101001101010101011011110011010111011101100100010111011011110110011110010
011111011010000101011100111100101101011111000101111001111010101010110100110111101010011010001101001011010111010000110111011101000101110011101110001110
010001101010111101001010100010111011101001001101001010001011101110101111010101011011110111110101110010110100111011011001110101110110000100101001111010
010110111101100011111011011110101110011110111010111011101100101010110001010100110101011000010110010111010101101101101101000101001101111101101011000010
010011000110111010100101110101110001110010100111100100110110100011011101110111011110101011110100011000110111010111010110111101011000101011011001111100
011001110101001100011101000111010111001110111010001110011010111101100101011001010010111010001110110111100100111001110101100011110101110110110110010110
001100011011110100110111111000100100110100100110111011001011010110100110110111010110100110110010100100001101101111010111011101011111000100011011101010
010111101110010111001100000111111101011011101100010101111010101100111011011010101101101101011010101101111011010101101000010111000010111110101110101110
011000110011011001011011111100010111101010011010110110001010110111000110110110101011011011101110111011000101110010011011110001111101100001110100110100
010011010101101101010110100011101010111010101011101011101011010001111011001101111010001100111011010010111110101111110110101110000111011111011011011110
011110110111000101100101011100111100000110111101011110001010111110001101101010010011010111010110001110100010111000100101011010111000010000101110100010
001001101101101110111101110111100110111101100111010011111011010100111011011011010101110101011011011001111011001110111111010110101011110110101011101110
001111010101011011001011011010000010100011010010110100000101000111100001101101110110010101101010010111001101110000000100110101101110001101110101001000
011000111011010101010101000111100110111100111101101111111101111010101010100110101101010011011011110100111010101110111011101110110001110111011101111010
010011101110111110111110111001011100000101100110110010010100001011011110111010101011011110110110001101100010101011101110010101010111011010001010100110
011100110011000001101011101110110010110101011011011110111011101101010010101011101110000010101011101001001110101101000001010111011001101000001111011100
000111000101111111011010010011101111010101001101101001101010111011011011001100010100011111011100110111011010110110101111110010101110101110011010110110
011001111110101010110001111100101001110101111011010111011011010010101010111001111100110101010111010100110111011010111010011011110010101011110110101010
001110010101110110011011000101101010100110100110111010110101101110111011100111000111101000011010110101101010101011010110101100100110101100001101101110
011010111011011001110110110101011110111011110100101011001110101000101010101100111001011101110110101101011101101001101101110110111101100011101011011010
001011001001010111000100100110110101001100000111101101111010101111110111011011101110110101011010111011110111011110101001011011010000111110101101010110
011101101110110100011101111010100011111011111010101000010010110001001101010110110001101101100110010100000101100101101011010101101101000101100110110010
001010100011010101110011010011110110001010101100101101101111011110111011011011011111011011011101101111111101011110101010011110110111111011011011101110
011111011101010101001010111101000101110110110101100100111010100010101100101100110100010110110010110010000110110010111010110011011100001110001100010100
001010110111010101011110100110111101010101001101010110010110101010110111100101101011110101101110011010111001101101000101101101100011100001001011110100
011101100000101101100101111010100101010101111001111011101101111011011001011101001010101100111011101110101011010111011101010110011101011101111100100110
001011010111111010110101001101101101011101010110101000101001001101101100010010111111011011000100110101101110011101110111011101110111110110100110111100
011010111000001111011110101011011001100001101010110111101011010010110011110011101010110010111101101110110101110010001001101011000000101011110010100010
001110101011110100000101110010110011011110111011010100011010111111011110101110110110101111100110110101011011000110111101011110110111011000011010101010
011001101110010111011101010110101110110010001101110111101110100100110100010001010101101001011100010111101010111101100111010100011101110111101001101110
001110110010110001110101011100011001011101111011010100110101101101101010111111010100101010010110110101011011010010111000111010110010100101001111010100
010100101001101110001101100100110111100101000110111001011001010110111111100001011011101111101101101110110101011110001111001011100110111101110000111110
010111101111011011110110111011101100111101011000101111010111111011001010011101110110011000100011011011011111010101110001101010111101000000011110001010
010001011010110000011010101010110111000011101111010001011101010110111101110100100101101110111101010001100100110111011111001101010101111101100011110110
011110101101101011101001101011010001111010111001011101101000101101101011000111011101010010100101010010101011100000000010111011101101001011011101011100
010101101011001110101111000101101110101111010101010101010101111010110010111010110011111011011101011110111010110111011101100110011001011110110111010110
001111001010011001100101101110101010011000010111010101111101010111001110101011010110010101010001100011001011011100110111011101110111010101100010111010
011001011011101011011110111001101011100111101100100111000101101101101001101010110101101111011110111010111101101011101000110000100010010101010101100010
001101010110100110110011000101011100101100101011111000111010101011011011011011101110101001100101001101100100110010011111011101100110111011011111011100
000101011010110100101100111101110011101010101110001111101011101001101101010100011011111110110111110100111011101110101000110111011100101010101010110110
001101001011010111111011100110001110011110110001111000001110011110110101011111000010000011001100001110101110011001111111100010110011110110111101101100
011011101101010101010110001011110011010010101110100111110101110000100111000001111100111001101011110010001001010111000010110101101101010101000101010110
010010110110111011101100111101001110010001101011010100011011001111111010111100010111101101011010011011110111110100111101010111011011001101110101011010
011100011010101010110101101011011001111001011001110111101110110100101101100011100000000101010110001000010100010110100101011100101101101001010101101110
010110101010101011010111010110010111010111010110011001010001100101010111011110110111101100110101001111110101101100101101110001101011001111010110101010
010011110110101100101100011101111010101101010101010111011111011101111100110101010100110111101101110101010111011011101010001110111010110001011001101100
011000101101110111111011110110101010101001010111011010110101010110100011101011011101011000110110011011101001000110001111111011010110101110001101010110
001110101011010001000010001101110110101011011010110011001110110101101110011110100011101111011011001110011101111101110000000101011100101010010101011010
010000101010101110111110110110010011101100110110100101110011011011001001110010101110010101010101101001110110001010101111110101010001101011110111110010
011111101101111011100001101011011100100111101100111110011110110110111011000110111010110101010110101101000011110111101010011101011111001100101100101110
010010110101001100011111011101100110110100010101100011100011010001100010111101010011100110111100110001010110011000111001100101000001010110101001001010
011100101101011011110101110110111011011011111101011101001101011111011110100011110110101011000111011111010101001111001111001101111101110101100111111010
010111011011101100101110101000101101010110010001110101111011010010001001101100100101111001111010100100110101100001110010111010010110010110110100000110
010101101100010111001010011111100011010101101110000110100110101101011010100111011110001100101010111011101100111110010110101110101010111011011101110100
011010110111110101011011110100011101010100101011111011011101111011110111110101110101110011101010101110011010100101010010110101111011001001100000100110
000111101000010101010100000001110101110110111101000101010011001110001101011100000011010110110110110001010110110101111100101101001101011110111101111010
011101011111011011010111110111001101001010100101011111011100110101110110101011110110111011001100011111010011010110100111101001110111000001010101001010
010101010001001010111000101100111001101110111011010101100111011101011011110010011011001101011000110010111101011011011000011110011000111111101101110110
011011110111101011001111101011001010110101100010110100111001010110101010101110101101101001110101101111000101010101110111100101101011010010101011011010
001100100100101101110010001101111011010111011111010111000101000010111111011001110111011110001110110101110101110100101100110101001110011101111000101110
010101011101000101011101110110100110010100110001010000111101110011001000110111011000101000111011000110101101000110101001010101110011100110100111110100
011101010011100110110101011010100010111011101101011111100110011101011011101010001110101111100110111011001011111010111011010100101010100011011101010110
010011110010111011010011101010110011010010011011000000011011100101100010011111000011110010110101101101011010101111000110111110111100110110110010110010
010110001111010101011110011011011101111110110110111111101101010110101110110101101110001111001111011011010111010001010101001011000111010010101111011100
011000111010111101010000010101100101001001100101101000110101111010111001001110110101110101110000110110010100111101111101110101111010111011101001010110
010111101101100101101110111110110100110111011100110111011100001010101011110011010101010011010110101101110011100100010101010101010111010110011011001100
010100010101001110111011100011010111011101110011101101110011111011011110011100010101011100110101111011011010000111101101011110010101011011010010101010
011101111011110010010000011010110001100101001110011010001110101001010001110111110101010111101110100110110110101000100101000010111101001010110110111110
010011001100011011101011101110101110101110111001010111101001110111010110101010001101101000011000110101011010111010111011111011000010111001101100010100
010110110111001000111110101010101010110011100011010100101011000100111011111101110011011111001111010101001011101110001100001010111111100101011010110110
011011010101101111001001101101101010011100011101010001101101011101101101000101011101110001101001110101101010010011110111101011100000000111101111011010
010110111010110101101101011011011011100111110101111111010101010011010110111011000101011100101101000110111101110101011000101010011111101100110101100110
010101101011101011010110001010101000111000000110000010111101011100111001101110110110110110110110111011010111011101100110101101010101001011011010100100
011011001010011010111011011011101111001111111011111101101011100101101011000101011011011010100011101101001101000010111100110111101101111101101110111100
010110111011110110101110010110100101010001001100001001010110110101001101101011110001101000110100011001110110111110000111010000110010010111010101000110
011010100101010100010101111010111011111110101011111111011101001101010110111101011011010111010111101110010001101011111001011111010111101000011101111010
010010111110010100111011010011000110000011101100000000100011110101010010000101000010010101011010110101011110100100010111100100111100101111101011001010
011110101011110111101110111101111101111110110111111111111110011111011111111101111111111101110111011111101011111111011100110111101011111010111010111110
000000000000000000000000000000000000000000000000000000000000000000000000000000000000000000000000000000000000000000000000000001000000000000000000000000
